Lm = 0.5;
Rm = 1;
J = 0.01;
B =  0.1;
kt= 0.01;
kb = 0.01;
